structure(list(Tsp_Tw = structure(list(average = c(0.123267646210319, 
0.055047782345049, 0.0150312065022684, 0.00363976407605521, 0.00207426184428325, 
0.00135100904601382, 0.000889426163855428, 0.000492029467316805, 
6.22697158019417e-05), sd = c(0.165985837960057, 0.079759428432473, 
0.0675209196112393, 0.0062391235427942, 0.00987569913247473, 
0.00413015423699724, 0.00202069718122421, 0.00195040969468399, 
0.000170836872717492), ratio = c(0.742639539163472, 0.690172728502616, 
0.222615547726728, 0.583377464974053, 0.21003696208832, 0.327108618344494, 
0.440158066295012, 0.252269801907708, 0.364498101676886), ava = c(90.2083333333333, 
4.50833333333333, 0, 0.075, 0.00416666666666667, 0.025, 0.0458333333333333, 
0.0125, 0.00833333333333333), avb = c(79.4791666666667, 7.2, 
2.75416666666667, 0.625, 0.3125, 0.220833333333333, 0.120833333333333, 
0.0666666666666667, 0.00416666666666667), cumsum = c(0.610673031472764, 
0.883382028147754, 0.957847248533093, 0.975878790713901, 0.986154769914116, 
0.992847724757018, 0.997253978858974, 0.999691513245472, 1), 
    p = c(0.72, 0.98, 0.38, 0.41, 0.43, 0.72, 0.82, 0.32, 0.58
    )), row.names = c("Paspalum notatum", "Eremochloa ophiuroides", 
"Bareground", "Cynodon dactylon", "Richardia spp.", "Oxalis corniculata", 
"Cyperus spp.", "Paspalum setaceum", "Cnidoscolus stimulosus"
), class = "data.frame"), Tsp_C = structure(list(average = c(0.122851090004996, 
0.0932216446413284, 0.00219019809785007, 0.0016287241548412, 
0.00143939183180404, 8.84498014949101e-05, 7.9358275561648e-05, 
2.27182628332305e-05, 0), sd = c(0.17936166013398, 0.138732559882272, 
0.00511698959945545, 0.00427579395792176, 0.00432098689462856, 
0.000207321709507835, 0.000187368328534952, 0.000109188224547938, 
0), ratio = c(0.684935063118997, 0.671952169847052, 0.428024731198038, 
0.380917361984589, 0.333116453927078, 0.426630678016706, 0.423541567468509, 
0.208065136394413, NaN), ava = c(90.2083333333333, 4.50833333333333, 
0.075, 0.0458333333333333, 0.025, 0.0125, 0.00833333333333333, 
0.00416666666666667, 0), avb = c(79, 14.8791666666667, 0.358333333333333, 
0.266666666666667, 0.241666666666667, 0.00416666666666667, 0.00833333333333333, 
0, 0), cumsum = c(0.554578442148499, 0.975402664852641, 0.985289729339028, 
0.992642169634386, 0.999139919712881, 0.999539202723878, 0.999897444468666, 
1, 1), p = c(0.81, 0.32, 0.98, 0.6, 0.71, 0.67, 0.49, 0.78, NA
)), row.names = c("Paspalum notatum", "Eremochloa ophiuroides", 
"Cynodon dactylon", "Cyperus spp.", "Oxalis corniculata", "Paspalum setaceum", 
"Cnidoscolus stimulosus", "Richardia spp.", "Bareground"), class = "data.frame"), 
    Tw_C = structure(list(average = c(0.156880789901786, 0.102679969562034, 
    0.0150333418298986, 0.00466460070288222, 0.00243861894922243, 
    0.00205304152624886, 0.00202392443673852, 0.000452260880561217, 
    6.25112306915982e-05), sd = c(0.182512661792152, 0.136192897501865, 
    0.067492008519306, 0.00711970968703919, 0.00559830238929711, 
    0.0098731273848102, 0.00452796934191286, 0.00196487491076821, 
    0.000171473626490379), ratio = c(0.859561130506354, 0.753930428425079, 
    0.222742546261582, 0.655167262139034, 0.435599719280011, 
    0.207942371877777, 0.446982804853422, 0.23017286142882, 0.36455303343751
    ), ava = c(79.4791666666667, 7.2, 2.75416666666667, 0.625, 
    0.220833333333333, 0.3125, 0.120833333333333, 0.0666666666666667, 
    0.00416666666666667), avb = c(79, 14.8791666666667, 0, 0.358333333333333, 
    0.241666666666667, 0, 0.266666666666667, 0.00416666666666667, 
    0.00833333333333333), cumsum = c(0.547980388907533, 0.906638766959061, 
    0.959149826520177, 0.975443151591169, 0.983961182135436, 
    0.991132401089022, 0.998201914830365, 0.999781649948812, 
    1), p = c(0.07, 0.03, 0.3, 0.01, 0.15, 0.58, 0.16, 0.62, 
    0.65)), row.names = c("Paspalum notatum", "Eremochloa ophiuroides", 
    "Bareground", "Cynodon dactylon", "Oxalis corniculata", "Richardia spp.", 
    "Cyperus spp.", "Paspalum setaceum", "Cnidoscolus stimulosus"
    ), class = "data.frame")), digits = 4, permutations = 99L, control = structure(list(
    within = structure(list(type = "free", constant = FALSE, 
        mirror = FALSE, ncol = NULL, nrow = NULL, call = Within()), class = "Within"), 
    plots = structure(list(strata = NULL, type = "none", mirror = FALSE, 
        ncol = NULL, nrow = NULL, plots.name = "NULL", call = Plots()), class = "Plots"), 
    blocks = NULL, nperm = 99, complete = FALSE, maxperm = 9999, 
    minperm = 5040, all.perms = NULL, make = TRUE, observed = FALSE, 
    blocks.name = "NULL", call = how(nperm = 99)), class = "how"), class = "summary.simper")
